Gradient Descent:
Parameters = [ 0.01725999  0.04287735  0.03187749  0.04590383  0.48443866] 
RMSE = 0.857514234268
IRLS :
Parameters = [ 0.01713954  0.042573    0.02962145  0.04425469  0.48756368] 
RMSE = 0.857308960498